price_per_night,timestamp
0,2019-04-26 10:20:01.736780
0,2019-04-26 10:20:01.736780
0,2019-04-26 10:20:01.736780
0,2019-04-26 10:20:01.736780
0,2019-04-26 10:20:01.736780
0,2019-04-26 10:20:01.736780
0,2019-04-26 10:20:01.736780
0,2019-04-26 10:20:01.736780
0,2019-04-26 10:20:01.736780
0,2019-04-26 10:20:01.736780
0,2019-04-26 10:20:01.736780
0,2019-04-26 10:20:01.736780
0,2019-04-26 10:20:01.736780
0,2019-04-26 10:20:01.736780
0,2019-04-26 10:20:01.736780
0,2019-04-26 10:20:01.736780
0,2019-04-26 10:20:01.736780
0,2019-04-26 10:20:01.736780
0,2019-04-26 10:20:01.736780
0,2019-04-26 10:20:01.736780
0,2019-04-26 10:20:01.736780
0,2019-04-26 10:20:01.736780
0,2019-04-26 10:20:01.736780
0,2019-04-26 10:20:01.736780
0,2019-04-26 10:20:01.736780
0,2019-04-26 10:20:01.736780
0,2019-04-26 10:20:01.736780
0,2019-04-26 10:20:01.736780
0,2019-04-26 10:20:01.736780
0,2019-04-26 10:20:01.736780
0,2019-04-26 10:20:01.736780
0,2019-04-26 10:20:01.736780
0,2019-04-26 10:20:01.736780
0,2019-04-26 10:20:01.736780
0,2019-04-26 10:20:01.736780
0,2019-04-26 10:20:01.736780
0,2019-04-26 10:20:01.736780
0,2019-04-26 10:20:01.736780
0,2019-04-26 10:20:01.736780
0,2019-04-26 10:20:01.736780
0,2019-04-26 10:20:01.736780
0,2019-04-26 10:20:01.736780
0,2019-04-26 10:20:01.736780
0,2019-04-26 10:20:01.736780
0,2019-04-26 10:20:01.736780
0,2019-04-26 10:20:01.736780
0,2019-04-26 10:20:01.736780
0,2019-04-26 10:20:01.736780
0,2019-04-26 10:20:01.736780
0,2019-04-26 10:20:01.736780
0,2019-04-26 10:20:01.736780
0,2019-04-26 10:20:01.736780
0,2019-04-26 10:20:01.736780
0,2019-04-26 10:20:01.736780
0,2019-04-26 10:20:01.736780
0,2019-04-26 10:20:01.736780
0,2019-04-26 10:20:01.736780
0,2019-04-26 10:20:01.736780
0,2019-04-26 10:20:01.736780
0,2019-04-26 10:20:01.736780
0,2019-04-26 10:20:01.736780
0,2019-04-26 10:20:01.736780
0,2019-04-26 10:20:01.736780
0,2019-04-26 10:20:01.736780
0,2019-04-26 10:20:01.736780
0,2019-04-26 10:20:01.736780
0,2019-04-26 10:20:01.736780
0,2019-04-26 10:20:01.736780
0,2019-04-26 10:20:01.736780
0,2019-04-26 10:20:01.736780
0,2019-04-26 10:20:01.736780
