price_per_night,timestamp
0,2019-04-28 06:20:01.021836
0,2019-04-28 06:20:01.021836
0,2019-04-28 06:20:01.021836
0,2019-04-28 06:20:01.021836
0,2019-04-28 06:20:01.021836
0,2019-04-28 06:20:01.021836
0,2019-04-28 06:20:01.021836
0,2019-04-28 06:20:01.021836
0,2019-04-28 06:20:01.021836
0,2019-04-28 06:20:01.021836
0,2019-04-28 06:20:01.021836
0,2019-04-28 06:20:01.021836
0,2019-04-28 06:20:01.021836
0,2019-04-28 06:20:01.021836
0,2019-04-28 06:20:01.021836
0,2019-04-28 06:20:01.021836
0,2019-04-28 06:20:01.021836
0,2019-04-28 06:20:01.021836
0,2019-04-28 06:20:01.021836
0,2019-04-28 06:20:01.021836
0,2019-04-28 06:20:01.021836
0,2019-04-28 06:20:01.021836
0,2019-04-28 06:20:01.021836
0,2019-04-28 06:20:01.021836
0,2019-04-28 06:20:01.021836
0,2019-04-28 06:20:01.021836
0,2019-04-28 06:20:01.021836
0,2019-04-28 06:20:01.021836
0,2019-04-28 06:20:01.021836
0,2019-04-28 06:20:01.021836
0,2019-04-28 06:20:01.021836
0,2019-04-28 06:20:01.021836
0,2019-04-28 06:20:01.021836
0,2019-04-28 06:20:01.021836
0,2019-04-28 06:20:01.021836
0,2019-04-28 06:20:01.021836
0,2019-04-28 06:20:01.021836
0,2019-04-28 06:20:01.021836
0,2019-04-28 06:20:01.021836
0,2019-04-28 06:20:01.021836
0,2019-04-28 06:20:01.021836
0,2019-04-28 06:20:01.021836
0,2019-04-28 06:20:01.021836
0,2019-04-28 06:20:01.021836
0,2019-04-28 06:20:01.021836
0,2019-04-28 06:20:01.021836
0,2019-04-28 06:20:01.021836
0,2019-04-28 06:20:01.021836
0,2019-04-28 06:20:01.021836
0,2019-04-28 06:20:01.021836
0,2019-04-28 06:20:01.021836
0,2019-04-28 06:20:01.021836
0,2019-04-28 06:20:01.021836
0,2019-04-28 06:20:01.021836
0,2019-04-28 06:20:01.021836
0,2019-04-28 06:20:01.021836
0,2019-04-28 06:20:01.021836
0,2019-04-28 06:20:01.021836
0,2019-04-28 06:20:01.021836
0,2019-04-28 06:20:01.021836
0,2019-04-28 06:20:01.021836
0,2019-04-28 06:20:01.021836
0,2019-04-28 06:20:01.021836
0,2019-04-28 06:20:01.021836
0,2019-04-28 06:20:01.021836
0,2019-04-28 06:20:01.021836
0,2019-04-28 06:20:01.021836
0,2019-04-28 06:20:01.021836
0,2019-04-28 06:20:01.021836
0,2019-04-28 06:20:01.021836
0,2019-04-28 06:20:01.021836
0,2019-04-28 06:20:01.021836
0,2019-04-28 06:20:01.021836
0,2019-04-28 06:20:01.021836
0,2019-04-28 06:20:01.021836
0,2019-04-28 06:20:01.021836
0,2019-04-28 06:20:01.021836
0,2019-04-28 06:20:01.021836
0,2019-04-28 06:20:01.021836
0,2019-04-28 06:20:01.021836
0,2019-04-28 06:20:01.021836
0,2019-04-28 06:20:01.021836
0,2019-04-28 06:20:01.021836
0,2019-04-28 06:20:01.021836
0,2019-04-28 06:20:01.021836
0,2019-04-28 06:20:01.021836
0,2019-04-28 06:20:01.021836
0,2019-04-28 06:20:01.021836
0,2019-04-28 06:20:01.021836
0,2019-04-28 06:20:01.021836
0,2019-04-28 06:20:01.021836
0,2019-04-28 06:20:01.021836
0,2019-04-28 06:20:01.021836
0,2019-04-28 06:20:01.021836
0,2019-04-28 06:20:01.021836
0,2019-04-28 06:20:01.021836
0,2019-04-28 06:20:01.021836
0,2019-04-28 06:20:01.021836
0,2019-04-28 06:20:01.021836
0,2019-04-28 06:20:01.021836
0,2019-04-28 06:20:01.021836
0,2019-04-28 06:20:01.021836
0,2019-04-28 06:20:01.021836
0,2019-04-28 06:20:01.021836
0,2019-04-28 06:20:01.021836
0,2019-04-28 06:20:01.021836
0,2019-04-28 06:20:01.021836
0,2019-04-28 06:20:01.021836
0,2019-04-28 06:20:01.021836
0,2019-04-28 06:20:01.021836
0,2019-04-28 06:20:01.021836
0,2019-04-28 06:20:01.021836
0,2019-04-28 06:20:01.021836
0,2019-04-28 06:20:01.021836
0,2019-04-28 06:20:01.021836
0,2019-04-28 06:20:01.021836
0,2019-04-28 06:20:01.021836
0,2019-04-28 06:20:01.021836
0,2019-04-28 06:20:01.021836
0,2019-04-28 06:20:01.021836
0,2019-04-28 06:20:01.021836
0,2019-04-28 06:20:01.021836
0,2019-04-28 06:20:01.021836
0,2019-04-28 06:20:01.021836
0,2019-04-28 06:20:01.021836
0,2019-04-28 06:20:01.021836
0,2019-04-28 06:20:01.021836
0,2019-04-28 06:20:01.021836
0,2019-04-28 06:20:01.021836
0,2019-04-28 06:20:01.021836
0,2019-04-28 06:20:01.021836
0,2019-04-28 06:20:01.021836
0,2019-04-28 06:20:01.021836
0,2019-04-28 06:20:01.021836
0,2019-04-28 06:20:01.021836
0,2019-04-28 06:20:01.021836
0,2019-04-28 06:20:01.021836
0,2019-04-28 06:20:01.021836
0,2019-04-28 06:20:01.021836
0,2019-04-28 06:20:01.021836
0,2019-04-28 06:20:01.021836
0,2019-04-28 06:20:01.021836
0,2019-04-28 06:20:01.021836
0,2019-04-28 06:20:01.021836
0,2019-04-28 06:20:01.021836
0,2019-04-28 06:20:01.021836
0,2019-04-28 06:20:01.021836
0,2019-04-28 06:20:01.021836
0,2019-04-28 06:20:01.021836
0,2019-04-28 06:20:01.021836
0,2019-04-28 06:20:01.021836
0,2019-04-28 06:20:01.021836
0,2019-04-28 06:20:01.021836
0,2019-04-28 06:20:01.021836
0,2019-04-28 06:20:01.021836
0,2019-04-28 06:20:01.021836
0,2019-04-28 06:20:01.021836
0,2019-04-28 06:20:01.021836
0,2019-04-28 06:20:01.021836
0,2019-04-28 06:20:01.021836
0,2019-04-28 06:20:01.021836
0,2019-04-28 06:20:01.021836
0,2019-04-28 06:20:01.021836
0,2019-04-28 06:20:01.021836
0,2019-04-28 06:20:01.021836
0,2019-04-28 06:20:01.021836
0,2019-04-28 06:20:01.021836
0,2019-04-28 06:20:01.021836
0,2019-04-28 06:20:01.021836
0,2019-04-28 06:20:01.021836
0,2019-04-28 06:20:01.021836
0,2019-04-28 06:20:01.021836
0,2019-04-28 06:20:01.021836
0,2019-04-28 06:20:01.021836
0,2019-04-28 06:20:01.021836
0,2019-04-28 06:20:01.021836
0,2019-04-28 06:20:01.021836
0,2019-04-28 06:20:01.021836
0,2019-04-28 06:20:01.021836
0,2019-04-28 06:20:01.021836
0,2019-04-28 06:20:01.021836
0,2019-04-28 06:20:01.021836
0,2019-04-28 06:20:01.021836
0,2019-04-28 06:20:01.021836
0,2019-04-28 06:20:01.021836
0,2019-04-28 06:20:01.021836
0,2019-04-28 06:20:01.021836
0,2019-04-28 06:20:01.021836
0,2019-04-28 06:20:01.021836
0,2019-04-28 06:20:01.021836
0,2019-04-28 06:20:01.021836
0,2019-04-28 06:20:01.021836
0,2019-04-28 06:20:01.021836
0,2019-04-28 06:20:01.021836
0,2019-04-28 06:20:01.021836
0,2019-04-28 06:20:01.021836
0,2019-04-28 06:20:01.021836
0,2019-04-28 06:20:01.021836
0,2019-04-28 06:20:01.021836
0,2019-04-28 06:20:01.021836
0,2019-04-28 06:20:01.021836
0,2019-04-28 06:20:01.021836
0,2019-04-28 06:20:01.021836
0,2019-04-28 06:20:01.021836
0,2019-04-28 06:20:01.021836
0,2019-04-28 06:20:01.021836
0,2019-04-28 06:20:01.021836
0,2019-04-28 06:20:01.021836
0,2019-04-28 06:20:01.021836
0,2019-04-28 06:20:01.021836
0,2019-04-28 06:20:01.021836
0,2019-04-28 06:20:01.021836
0,2019-04-28 06:20:01.021836
0,2019-04-28 06:20:01.021836
0,2019-04-28 06:20:01.021836
0,2019-04-28 06:20:01.021836
0,2019-04-28 06:20:01.021836
0,2019-04-28 06:20:01.021836
0,2019-04-28 06:20:01.021836
0,2019-04-28 06:20:01.021836
0,2019-04-28 06:20:01.021836
0,2019-04-28 06:20:01.021836
0,2019-04-28 06:20:01.021836
0,2019-04-28 06:20:01.021836
0,2019-04-28 06:20:01.021836
0,2019-04-28 06:20:01.021836
0,2019-04-28 06:20:01.021836
0,2019-04-28 06:20:01.021836
0,2019-04-28 06:20:01.021836
0,2019-04-28 06:20:01.021836
0,2019-04-28 06:20:01.021836
0,2019-04-28 06:20:01.021836
0,2019-04-28 06:20:01.021836
0,2019-04-28 06:20:01.021836
0,2019-04-28 06:20:01.021836
0,2019-04-28 06:20:01.021836
0,2019-04-28 06:20:01.021836
0,2019-04-28 06:20:01.021836
0,2019-04-28 06:20:01.021836
0,2019-04-28 06:20:01.021836
0,2019-04-28 06:20:01.021836
0,2019-04-28 06:20:01.021836
0,2019-04-28 06:20:01.021836
0,2019-04-28 06:20:01.021836
0,2019-04-28 06:20:01.021836
0,2019-04-28 06:20:01.021836
0,2019-04-28 06:20:01.021836
0,2019-04-28 06:20:01.021836
0,2019-04-28 06:20:01.021836
0,2019-04-28 06:20:01.021836
0,2019-04-28 06:20:01.021836
0,2019-04-28 06:20:01.021836
0,2019-04-28 06:20:01.021836
0,2019-04-28 06:20:01.021836
0,2019-04-28 06:20:01.021836
0,2019-04-28 06:20:01.021836
0,2019-04-28 06:20:01.021836
0,2019-04-28 06:20:01.021836
0,2019-04-28 06:20:01.021836
0,2019-04-28 06:20:01.021836
0,2019-04-28 06:20:01.021836
0,2019-04-28 06:20:01.021836
0,2019-04-28 06:20:01.021836
0,2019-04-28 06:20:01.021836
0,2019-04-28 06:20:01.021836
0,2019-04-28 06:20:01.021836
0,2019-04-28 06:20:01.021836
0,2019-04-28 06:20:01.021836
0,2019-04-28 06:20:01.021836
0,2019-04-28 06:20:01.021836
0,2019-04-28 06:20:01.021836
0,2019-04-28 06:20:01.021836
0,2019-04-28 06:20:01.021836
0,2019-04-28 06:20:01.021836
0,2019-04-28 06:20:01.021836
0,2019-04-28 06:20:01.021836
0,2019-04-28 06:20:01.021836
0,2019-04-28 06:20:01.021836
